6 0.444079 0.363487 0.111842 0.065789
3 0.706414 0.338816 0.083882 0.101974
3 0.634046 0.534539 0.103618 0.085526
5 0.756579 0.534539 0.095395 0.078947
2 0.434211 0.718750 0.138158 0.125000
4 0.120888 0.528783 0.225329 0.166118
9 0.245888 0.324013 0.146382 0.128289
5 0.712171 0.811678 0.128289 0.136513
7 0.842105 0.713816 0.115132 0.115132
4 0.855263 0.300987 0.062500 0.072368
8 0.568257 0.324836 0.100329 0.100329
6 0.381579 0.153783 0.098684 0.087171
6 0.344572 0.558388 0.202303 0.166118
2 0.517270 0.897204 0.156250 0.175987
