6 0.668586 0.476974 0.136513 0.141447
6 0.546053 0.353618 0.101974 0.105263
6 0.092105 0.415296 0.049342 0.064145
2 0.203947 0.439145 0.092105 0.085526
0 0.314145 0.356086 0.085526 0.074013
7 0.428454 0.352796 0.083882 0.070724
1 0.870888 0.261513 0.116776 0.085526
4 0.685033 0.632401 0.159539 0.172697
2 0.448191 0.444079 0.093750 0.095395
2 0.544408 0.444901 0.101974 0.093750
0 0.541118 0.853618 0.164474 0.243421
9 0.699836 0.268914 0.074013 0.067434
9 0.620888 0.268092 0.077303 0.072368
8 0.832237 0.628289 0.151316 0.180921
