5 0.570724 0.430921 0.072368 0.075658
8 0.777961 0.411184 0.085526 0.075658
4 0.912007 0.412007 0.087171 0.077303
7 0.458882 0.479441 0.088816 0.103618
2 0.273849 0.371711 0.077303 0.085526
6 0.387336 0.282895 0.067434 0.062500
3 0.696546 0.343750 0.090461 0.072368
9 0.194901 0.284539 0.067434 0.065789
3 0.062500 0.217105 0.078947 0.065789
3 0.190789 0.218750 0.072368 0.065789
6 0.503289 0.276316 0.059211 0.069079
2 0.339638 0.360197 0.060855 0.059211
5 0.874178 0.330592 0.074013 0.059211
6 0.662007 0.256579 0.057566 0.042763
1 0.050164 0.373355 0.097039 0.085526
